1.330508470535278320e+00
1.403648972511291504e+00
1.322319030761718750e+00
1.356217980384826660e+00
1.330865502357482910e+00
1.416695356369018555e+00
1.349966883659362793e+00
1.366505026817321777e+00
1.330511331558227539e+00
1.388195395469665527e+00
1.315017342567443848e+00
1.342938542366027832e+00
1.336509704589843750e+00
1.323123931884765625e+00
1.272514104843139648e+00
1.360481262207031250e+00
1.282566189765930176e+00
1.417116880416870117e+00
1.322314023971557617e+00
1.287906646728515625e+00
1.324519276618957520e+00
1.306540846824645996e+00
1.323122620582580566e+00
1.231870174407958984e+00
1.308665275573730469e+00
1.328578352928161621e+00
1.279918789863586426e+00
1.355613350868225098e+00
1.362468957901000977e+00
1.503878951072692871e+00
1.413644433021545410e+00
1.451852440834045410e+00
1.381804704666137695e+00
1.281128883361816406e+00
1.423475146293640137e+00
1.344919562339782715e+00
1.288410782814025879e+00
1.315018892288208008e+00
1.369243502616882324e+00
1.280896067619323730e+00
1.378824234008789062e+00
1.252035379409790039e+00
1.407083392143249512e+00
1.294683575630187988e+00
1.414335846900939941e+00
1.335354685783386230e+00
1.388174295425415039e+00
1.384448051452636719e+00
1.342135667800903320e+00
1.260792255401611328e+00
1.306538462638854980e+00
1.286287188529968262e+00
1.248854994773864746e+00
1.369068145751953125e+00
1.299022793769836426e+00
1.305388808250427246e+00
1.409917354583740234e+00
1.294552922248840332e+00
1.336502432823181152e+00
1.277107954025268555e+00
1.408428668975830078e+00
1.272272825241088867e+00
1.453263044357299805e+00
1.306540846824645996e+00
1.388197779655456543e+00
1.308241605758666992e+00
1.384476184844970703e+00
1.366471886634826660e+00
1.354482769966125488e+00
1.443809270858764648e+00
1.446037054061889648e+00
1.396359443664550781e+00
1.354482054710388184e+00
1.203509569168090820e+00
1.276573300361633301e+00
1.413641333580017090e+00
1.450585126876831055e+00
1.474894046783447266e+00
1.420011758804321289e+00
1.344812870025634766e+00
1.362701058387756348e+00
1.254450917243957520e+00
1.294201970100402832e+00
1.335351467132568359e+00
1.366469144821166992e+00
1.336502552032470703e+00
1.373735547065734863e+00
1.395429372787475586e+00
1.306540131568908691e+00
1.305359601974487305e+00
1.274345993995666504e+00
1.305363416671752930e+00
1.324493765830993652e+00
1.287902235984802246e+00
1.401431798934936523e+00
1.315889477729797363e+00
1.330511689186096191e+00
1.396357774734497070e+00
1.288560628890991211e+00
1.337894320487976074e+00
1.247233390808105469e+00
2.302181959152221680e+00
2.439980506896972656e+00
2.599229812622070312e+00
2.956573724746704102e+00
2.978171825408935547e+00
3.311299800872802734e+00
3.524734735488891602e+00
3.730539321899414062e+00
3.870019912719726562e+00
3.880189657211303711e+00
3.990511655807495117e+00
4.192111492156982422e+00
4.156610012054443359e+00
4.083051681518554688e+00
4.204793930053710938e+00
4.187054634094238281e+00
4.180363178253173828e+00
4.206788539886474609e+00
3.975361585617065430e+00
4.179421901702880859e+00
4.093213558197021484e+00
4.129110336303710938e+00
4.149006843566894531e+00
4.255508422851562500e+00
4.395010948181152344e+00
4.207314968109130859e+00
4.151538372039794922e+00
4.405127525329589844e+00
4.230144500732421875e+00
4.169883728027343750e+00
4.225075721740722656e+00
4.234043598175048828e+00
4.179137706756591797e+00
4.252973079681396484e+00
4.119770526885986328e+00
4.148995399475097656e+00
4.308776855468750000e+00
4.277989387512207031e+00
4.306235313415527344e+00
4.230128765106201172e+00
4.241353988647460938e+00
4.168169021606445312e+00
4.197206020355224609e+00
4.478473663330078125e+00
4.425438404083251953e+00
4.293535232543945312e+00
4.184500694274902344e+00
4.185711383819580078e+00
4.247893810272216797e+00
4.230147838592529297e+00
4.273251533508300781e+00
4.225060462951660156e+00
4.258030891418457031e+00
4.288472175598144531e+00
4.470744609832763672e+00
4.295041561126708984e+00
4.346306324005126953e+00
4.207209587097167969e+00
4.501517295837402344e+00
4.324343204498291016e+00
4.302371978759765625e+00
4.346300601959228516e+00
4.302379131317138672e+00
4.326523303985595703e+00
4.392462253570556641e+00
4.291015625000000000e+00
4.343969345092773438e+00
4.311285495758056641e+00
4.287736892700195312e+00
4.321888446807861328e+00
4.273278236389160156e+00
4.364562988281250000e+00
4.275532245635986328e+00
4.260883808135986328e+00
4.420363426208496094e+00
4.404888153076171875e+00
4.405144214630126953e+00
4.443171501159667969e+00
4.256023406982421875e+00
4.321899890899658203e+00
4.177784442901611328e+00
4.308769226074218750e+00
4.334117889404296875e+00
4.368250370025634766e+00
4.161667823791503906e+00
4.509104728698730469e+00
4.301173686981201172e+00
4.323983669281005859e+00
4.273101806640625000e+00
4.341730117797851562e+00
4.256027698516845703e+00
4.426831722259521484e+00
4.453320026397705078e+00
4.270650386810302734e+00
4.331667423248291016e+00
4.362024307250976562e+00
4.303711414337158203e+00
4.356054782867431641e+00
4.308769226074218750e+00
4.303684711456298828e+00
