4.914476
4.9677653
4.9856194
5.0199918
5.0161193
5.0267808
4.9810787
5.0378264
5.019414
4.940722
4.9860893
5.0442855
4.9487547
5.0009377
5.0695428
4.9930218
4.9937875
4.9894009
5.0169689
4.9190249
4.9853907
4.9999737
5.0310776
4.9984838
4.9690089
5.0601902
4.9716158
4.9551435
5.0146532
5.0569709
4.9725492
4.958369
4.9975222
5.0367978
4.9724664
5.0235398
5.026421
5.0423199
5.0262037
4.9538798
4.9516019
5.0350516
5.0101127
4.9957656
4.9451447
4.9993943
5.0479707
4.972065
4.9937671
5.0085769
5.0119276
5.0174169
4.9365249
5.0102624
5.0404105
4.9622633
4.9620036
5.0294282
5.0050486
5.0046305
4.9923386
4.9651811
5.0535601
4.9817187
5.0526157
5.0188921
4.9171792
4.9685854
5.0089013
4.9649828
5.0150799
5.0547458
5.0203764
4.9674678
4.9889332
5.0137123
5.0281721
5.0168268
5.0080174
4.9253668
5.0290057
5.0288506
4.9755219
5.0370841
5.0467621
5.0557574
5.0198411
5.0154823
4.9439537
4.9746068
5.0646599
5.0048269
4.9547624
4.9571886
5.004365
5.0542803
4.9878883
4.9554992
5.0235557
5.0313746
4.9736596
1.007652
0.99566471
1.0087538
1.0002467
0.99920182
0.99430253
0.9886427
1.0038508
1.0030622
0.99617398
1.0060205
0.9884063
0.99608419
1.0047461
0.99430466
0.9970318
1.0015457
1.0089323
1.0028136
1.00368
1.000026
0.98072605
0.99936258
1.004361
1.0006178
1.0019751
1.006487
0.99565076
1.0069007
1.0030749
1.0028726
1.0000683
1.0027084
1.0026253
1.0090375
0.99639114
1.012
1.010728
1.0088022
1.0013551
0.99422815
0.99465849
1.0022783
1.0030668
1.0025847
1.0064379
1.0047197
0.99677997
1.0101237
0.99381005
1.0088548
0.99999927
0.99966079
0.98903854
0.99732355
1.0042128
1.0042813
1.0027053
0.99883283
0.98682493
1.003213
1.0135714
0.99344866
1.0024167
0.99969604
0.9979296
0.99404932
1.0001983
0.98775988
0.99804903
0.99351898
1.0088184
0.99318598
1.0017595
1.0148926
1.0024926
0.99582744
0.98676168
0.99991466
1.0055678
1.0105011
1.0005575
0.99337251
0.9993255
0.9901492
0.99090188
1.0023002
0.99760423
0.99541348
1.0032357
0.9979126
1.0009306
1.0023843
0.99840825
0.99729631
0.99950565
1.0041095
0.99924952
1.0060494
0.9964925
