39.547991590203665
40.335925416705265
41.015879015087506
41.589457327784665
42.05531534508665
42.40242735109742
42.66239825753276
42.83990657086715
42.924219515554256
42.96952048487449
42.96783625111935
42.95924972476506
43.00851036027704
43.05015093698484
42.95003763357421
42.868038852768166
43.25460242402317
42.95412701298234
42.92730456853758
43.08449974923594
42.957267586630934
42.90760362558055
43.092312888257254
42.900035742583114
42.864337226138524
43.16274673548067
42.97795050274561
42.94129115111795
43.046828886365944
42.862646506369316
43.062544835220244
43.0252818931796
42.87888691460051
43.084974340734284
43.007127992165486
42.897974784643935
43.09648940172646
43.08411011746422
42.799212102910815
43.013576580117316
43.03301598741184
42.85639838594759
43.03101530996881
43.02457799102865
42.827010090356524
43.109194209014476
43.074285291272055
42.88715018165277
42.978588470102544
43.078789046750494
42.86898358455624
42.869890462551886
43.1555236624304
42.93513668073777
42.912539325876686
43.074903118010866
42.967412283647775
42.85646657717951
43.19012805619228
43.02928786615725
42.945093990374396
43.04899243075198
42.94974501903819
42.94262361767129
43.05900155902171
43.080041346134486
42.74888914126526
43.02444709217759
43.002315985167314
42.91249606750941
42.977554569219286
43.021352099299264
43.15790014834997
42.7507327145255
42.94187520380131
43.049021697020095
42.997791015114636
42.97013957139717
43.07916066718461
42.99181966847099
42.75771661317772
43.04705693410494
42.97899035470421
42.94623537768314
43.00558818900239
42.993436560384765
42.798488511735485
43.12107918405576
43.0251534383099
42.86887756374987
43.04087606946872
43.07014250655599
42.793890209572815
43.03497615191141
43.055530765117496
42.950824091351464
42.99255832438963
43.15126762579842
42.82603274499297
42.886507360184254
43.12788697789965
38.923712341566905
35.761948620378305
33.32560661169056
31.354985609058094
29.72829531108102
28.399249567431994
27.377841243058064
26.74443795242898
26.44164353760674
26.371076592406965
26.33186666089722
26.313430781352068
26.296065090612057
26.27957469079125
26.285219908415588
26.252534665713103
26.236724184647098
26.259750427350347
26.24842776086054
26.19864278770971
26.238080808271764
26.214377337814597
26.20145194114415
26.166497879530617
26.208934194797507
26.17969073442121
26.180977395006195
26.176743898351123
26.139909297254974
26.162987545508997
26.17164047445539
26.154506604301666
26.169269065918822
26.167685512155337
26.175972839389885
26.203700703286117
26.135045490007123
26.12928921527822
26.154777264825828
26.13405878556781
26.10330118816621
26.14772879323044
26.143633203918036
26.148653091877406
26.078169722138067
26.093807320617692
26.113242272883816
26.099652562828805
26.096262767525253
26.13136019723636
26.079457324132903
26.1166317585337
26.096253364228833
26.123642820408527
26.081473770057443
26.11739427844066
26.093592746822356
26.112235046771303
26.09699149988561
26.09849010464767
26.076512386966844
26.10675279492303
26.069143302832124
26.084319260226344
26.08323695514837
26.098927154449882
26.13527735415248
26.0892464675021
26.057084555075427
26.062181921660553
26.100367600626335
26.112640475329535
26.12355147860875
26.11522949964726
26.088944553237187
26.096824383405142
26.08260408474817
26.06468503469678
26.066682901398842
26.09638771278206
26.082213015745605
26.09051604336867
26.101874822475676
26.083227421062254
26.050048404617883
26.11752916821183
26.11354863797847
26.10118925245281
26.132446803780486
26.12691180507139
26.108446936488168
26.08651051713207
26.07891465671627
26.11224173470731
26.096109701602625
26.13862838440557
26.07911094010201
26.07526293617149
26.129985163449266
26.074004508748907
