-1.087489578867111006e-01
-9.091848856130808898e-02
-1.237298234918765422e-01
-9.172479353898115029e-02
-8.498188963234983018e-02
-1.016381104174286232e-01
-7.651237115184478244e-02
-1.134454248780171481e-01
-9.566625004900275453e-02
-9.561818203705649277e-02
-9.259918624848610669e-02
-9.144237543372867039e-02
-9.157764068195575757e-02
-9.221475410460998334e-02
-7.084082166981194029e-02
-9.146896893500432169e-02
-9.288745096023608150e-02
-9.031907537348865533e-02
-9.533855183347370033e-02
-8.710816987012633128e-02
-9.014292590420593110e-02
-8.843854941746435994e-02
-9.374856850360172023e-02
-7.205584354919866708e-02
-9.012535383255723676e-02
-7.635403396802743770e-02
-9.379975674658588836e-02
-6.828807891956870102e-02
-7.564722777940689757e-02
-7.358044907673645663e-02
-9.032699049036160832e-02
-9.417600903676637270e-02
-9.295015815993777630e-02
-9.248595367336724660e-02
-9.340665232174379107e-02
-6.911490864577909954e-02
-9.344784361985812582e-02
-9.809943588034185369e-02
-9.568275655159659554e-02
-9.315765340088411062e-02
-9.068464846110248223e-02
-9.096612107892693144e-02
-9.032279313572104396e-02
-9.136912457335294446e-02
-9.462322102373986465e-02
-8.698036577545079084e-02
-7.638922572711744075e-02
-8.719260888963166478e-02
-8.918448539766402061e-02
-7.062489811145560015e-02
-9.524169062999414404e-02
-9.317768206717645663e-02
-9.320860590351086328e-02
-9.202928023607068186e-02
-7.065611785354890262e-02
-9.325829738849529538e-02
-9.383436740431509715e-02
-9.290846268172160693e-02
-9.272401594013116033e-02
-8.885021160190140210e-02
-7.664206935486882200e-02
-9.034305985952297002e-02
-9.439740807769211872e-02
-9.961966845074431143e-02
-7.123371619180210446e-02
-6.854818622811870155e-02
-9.719828593401701189e-02
-9.771260390287378472e-02
-8.984839437520120153e-02
-9.167330465509572479e-02
-9.741760126142268161e-02
-9.797345895439978081e-02
-9.225754645377066965e-02
-8.828847555171213946e-02
-9.200471032939243343e-02
-9.305017262814063717e-02
-7.639939915025983908e-02
-9.098133260321465687e-02
-1.115267295752311177e-01
-9.030039821363172736e-02
-7.677515090452967372e-02
-9.468478346827614855e-02
-8.953508603929562215e-02
-9.082444842917131167e-02
-8.724722732987102991e-02
-9.548490843890473923e-02
-7.437756275198388611e-02
-9.010600542456881357e-02
-9.110370792656830030e-02
-8.700707287846129456e-02
-9.683711811626034838e-02
-1.085345243776518892e-01
-8.919399038027887860e-02
-9.232690128271600627e-02
-8.939696112137898720e-02
-9.250370984260299079e-02
-7.203723650129234546e-02
-9.898828425598178715e-02
-8.997729610077456752e-02
-8.923038222645564288e-02
-8.934155276130703593e-02
-2.321402776296826176e-01
-3.042387241464405978e-01
-4.092375651795934766e-01
-6.069950246123927418e-01
-6.452678838463734579e-01
-8.294437016963350784e-01
-1.029820951371980708e+00
-1.216155558478800192e+00
-1.275525726438760943e+00
-1.312094211364082330e+00
-1.280140322699564681e+00
-1.294839916577143590e+00
-1.320353745690735048e+00
-1.342111436963123072e+00
-1.354190163947261327e+00
-1.366765459426073415e+00
-1.371419569435457841e+00
-1.349384360490745172e+00
-1.386780656334231088e+00
-1.410022002434864863e+00
-1.342515239741178812e+00
-1.339318415881514790e+00
-1.365673398782942360e+00
-1.434455554390667631e+00
-1.452836463269750800e+00
-1.377697768364861020e+00
-1.383094156633946747e+00
-1.413364554618957269e+00
-1.543301234106909225e+00
-1.464596397025245578e+00
-1.449540634136772921e+00
-1.472451580292821305e+00
-1.453020393602798777e+00
-1.455731670509995412e+00
-1.463036538669775233e+00
-1.425474589827211647e+00
-1.404214309697759289e+00
-1.393542442313188134e+00
-1.412099822158782159e+00
-1.567241270704234912e+00
-1.392186858576284658e+00
-1.414446600602953685e+00
-1.412819757486560857e+00
-1.465884664316355890e+00
-1.396422875679240283e+00
-1.416138722559940000e+00
-1.416718072106055271e+00
-1.463795826464075800e+00
-1.502454090236927886e+00
-1.388389650207581427e+00
-1.407782677852164932e+00
-1.416087549841252846e+00
-1.466501804544377841e+00
-1.403042248021295180e+00
-1.471748476543891737e+00
-1.389403526988417070e+00
-1.402139395681844647e+00
-1.476324294403264181e+00
-1.486515089839546500e+00
-1.405354406068533457e+00
-1.412344849940605940e+00
-1.470123636813369217e+00
-1.391912398081949220e+00
-1.415138144806066256e+00
-1.383177050563078048e+00
-1.397921587498754503e+00
-1.476254283190747474e+00
-1.425909199624133095e+00
-1.456266819137653767e+00
-1.422742782476585921e+00
-1.419391024774853127e+00
-1.475753734430743647e+00
-1.481540486447508354e+00
-1.417007429381312189e+00
-1.439005821318598333e+00
-1.478737562443870557e+00
-1.478323660687687724e+00
-1.513967003571085712e+00
-1.456016423732868548e+00
-1.325107672429955974e+00
-1.403572689163944176e+00
-1.407096090707856906e+00
-1.456955726700194909e+00
-1.466634319282460908e+00
-1.470316644243778725e+00
-1.443054829595356470e+00
-1.454244787655195159e+00
-1.488211494354193976e+00
-1.502425543623744808e+00
-1.501679520516659760e+00
-1.464406713356158019e+00
-1.371752506250263792e+00
-1.493622887813269795e+00
-1.501357008957467487e+00
-1.406048289285598774e+00
-1.514088710947999239e+00
-1.504816355640605563e+00
-1.415638312562143009e+00
-1.494438070176565381e+00
-1.469253001412991866e+00
