4.9390457
4.9939956
4.9947861
5.0151131
5.0160213
5.0103526
4.9670406
5.0419595
5.0190283
4.963067
4.9766779
5.0335181
5.0349276
5.0104061
4.9541508
4.9511242
5.0050662
4.9591371
4.9907736
5.0321658
4.9925144
4.893559
5.0005936
5.0236808
4.9660572
4.9845568
5.0362151
4.9947412
4.9936659
4.9815366
5.0211615
5.0213691
5.032168
4.9869093
4.994851
5.0038097
5.0365466
4.9434486
4.9702769
4.9895295
4.9751432
5.0305671
5.0025877
5.0064804
4.9922228
5.0434698
5.0333102
5.0292535
5.0331433
4.9847692
4.9907868
5.0285418
4.9727314
4.979063
5.0387737
4.9845654
4.9653745
4.9514685
5.0177162
5.0241198
4.9615011
4.9791609
5.0523057
4.9914833
5.0145268
5.0169712
4.9512961
4.9721039
5.0172092
5.0160071
4.9810338
5.0047954
5.064067
4.9770644
5.0047636
5.0018407
4.9839334
5.0520009
4.9926422
4.9335353
4.9796252
5.0265436
4.9980552
5.0022012
5.0306704
4.9932122
4.9889462
4.9794556
5.0617092
4.979258
5.0047241
5.0201335
4.9979441
4.9641609
4.9852557
5.0302713
5.0081039
4.9677612
4.982782
5.0697124
4.9848346
1.009584
0.99057612
1.002136
1.0036619
1.0110581
1.0189653
1.0093799
0.99606443
1.0100184
0.9950809
0.99697032
0.9972584
1.0046021
0.99851518
1.0122405
0.99473287
0.99599837
0.9949844
0.98287872
0.99269832
0.99483182
1.0026951
1.0031514
0.99633303
0.99424111
0.99235365
1.0033491
1.0016044
1.0050297
1.0077664
0.98962021
1.0007375
1.0073598
0.99448321
1.0015476
0.99921611
1.0111903
1.0067895
0.99573241
0.99546715
0.99543709
1.0003389
0.99554011
1.0023597
1.0009419
0.99745167
0.99348468
0.99697485
0.99937323
0.99911218
1.0042514
0.99491652
1.0040304
1.0044765
1.000286
0.99627196
1.0061172
1.0015077
0.99601311
1.0073633
1.0099359
0.99738981
0.9964572
0.99504375
0.99589212
0.98735601
0.99044106
1.0053389
0.99775407
1.0039329
1.0024333
0.9887846
1.0058405
0.99108056
1.0005959
1.0020956
1.0096718
1.0134233
1.0019589
0.99823671
1.0044321
1.0059515
1.0130849
1.0068738
0.995858
1.0003692
0.99709623
1.0073452
0.99977808
1.0044567
1.0072018
0.99149487
0.99981902
1.0112328
1.0033621
1.0053604
1.0218915
0.98105081
0.99352721
1.0007934
