-1.275475121510527832e-01
-9.888908828629663916e-02
-9.973967613659215359e-02
-9.554509734236664442e-02
-8.573290428125987517e-02
-9.964541461033525616e-02
-7.711154894280508598e-02
-7.163411030910073196e-02
-9.364187752002889331e-02
-9.353770468103024538e-02
-6.965694246279954815e-02
-9.203742046257096243e-02
-9.173481933958507750e-02
-6.859702948120595389e-02
-9.090121693075237097e-02
-9.613069851168476454e-02
-8.727737201930814426e-02
-9.322116940064162360e-02
-9.192818910206750072e-02
-9.470527989041925554e-02
-8.877237289755811334e-02
-9.627939489685040375e-02
-7.008136231020516138e-02
-9.051575402635964052e-02
-9.874942031020093880e-02
-7.417388991787191022e-02
-9.733289163817585021e-02
-7.402108949178978770e-02
-9.350337352021582948e-02
-6.804330550733839189e-02
-1.003752594512148516e-01
-9.048019238492753524e-02
-8.882187015751617787e-02
-9.171568207365853043e-02
-9.388346321427602781e-02
-9.065581899556529599e-02
-9.377581173900456646e-02
-7.841154207474226867e-02
-8.890432776504966772e-02
-9.412834846577473880e-02
-7.204554006546098899e-02
-1.078277402949038150e-01
-8.873401666161583046e-02
-9.319465569965361407e-02
-7.302568703296728747e-02
-9.093904429359482566e-02
-9.084969332945179443e-02
-8.573554341509478927e-02
-9.376241127349568827e-02
-8.957299411656714783e-02
-9.025851500667617100e-02
-7.040940914815194129e-02
-7.783929867829476879e-02
-9.116244606420731422e-02
-7.097248347677310998e-02
-9.557534827208995221e-02
-9.438776400143683576e-02
-7.056492486352215765e-02
-9.555573552713884922e-02
-9.398850301543941466e-02
-8.615375382178237784e-02
-9.290919996723369378e-02
-9.242712558188108385e-02
-1.125490841431659450e-01
-7.145487455439998581e-02
-7.378562560707549456e-02
-7.362661562142179539e-02
-1.074706202704571595e-01
-9.444048754165401682e-02
-9.112046021065631218e-02
-9.122595967915501924e-02
-9.110378372582790540e-02
-9.511710672020270985e-02
-9.012151052566376441e-02
-7.050035338163847254e-02
-9.574071396416052038e-02
-7.629876441540764387e-02
-9.095536138509983937e-02
-8.624950159688692108e-02
-9.191177761060047302e-02
-8.706728370780666970e-02
-8.939124645220029863e-02
-8.424786674943002263e-02
-9.129249930656975487e-02
-9.381976167969063862e-02
-9.021974342461534790e-02
-9.047466236579512766e-02
-9.214997374808581165e-02
-9.143151937954352437e-02
-6.948525761669258061e-02
-9.200309547988604064e-02
-6.861032039712186559e-02
-9.204136037142722493e-02
-9.572013484631138047e-02
-9.051554728325532373e-02
-8.947214423201160782e-02
-9.594153112796030558e-02
-6.849704614175258777e-02
-9.267698108678289193e-02
-9.221732493353554383e-02
-9.151572136924050749e-02
-2.331518907721721323e-01
-2.969075911870961426e-01
-4.081483067694691713e-01
-5.134752250461510625e-01
-6.941930418684836290e-01
-8.268061655507805696e-01
-9.278062844828455225e-01
-1.122494991977776246e+00
-1.266202311115363077e+00
-1.352454112820903109e+00
-1.228662560918517332e+00
-1.284761051873798188e+00
-1.309705603411026376e+00
-1.319171992772843582e+00
-1.306931338983068791e+00
-1.321579297205923931e+00
-1.377817201273972225e+00
-1.368271260014220836e+00
-1.372205536318122476e+00
-1.312521629993224970e+00
-1.358373559629650895e+00
-1.379691767744595010e+00
-1.332842573142186238e+00
-1.401453759266715116e+00
-1.406789361571664232e+00
-1.436138368243530250e+00
-1.423430847331797366e+00
-1.347582327244843059e+00
-1.417614159733089130e+00
-1.375090412630320280e+00
-1.382157871736168664e+00
-1.345366710858134640e+00
-1.419636578112637215e+00
-1.469888654100214520e+00
-1.443818680128206466e+00
-1.474468899157657109e+00
-1.449626335695324952e+00
-1.352990023920754181e+00
-1.464702884740435085e+00
-1.470259808011976199e+00
-1.408069754107783123e+00
-1.464433615211684581e+00
-1.322595781035245555e+00
-1.417630820984070228e+00
-1.522266169471802044e+00
-1.476627102485954079e+00
-1.452865950924837612e+00
-1.393387874897446865e+00
-1.410625993670134637e+00
-1.419141962491954567e+00
-1.407723484793189872e+00
-1.482984718965873139e+00
-1.380378992821210682e+00
-1.453253569223760699e+00
-1.418023619115875267e+00
-1.379140529913599256e+00
-1.460618805826992661e+00
-1.493358249964503504e+00
-1.560655220088544404e+00
-1.426990244733087110e+00
-1.488045759121598532e+00
-1.417647917719435657e+00
-1.496327461802182235e+00
-1.496315118962118884e+00
-1.470376937703097298e+00
-1.510116241388795411e+00
-1.403471506406163360e+00
-1.510664442462091195e+00
-1.493751434030192060e+00
-1.487960824482063460e+00
-1.579305260895363716e+00
-1.435633053189736552e+00
-1.451181000975498181e+00
-1.496550518615545444e+00
-1.433941141121398033e+00
-1.432854221089873148e+00
-1.416612258063579155e+00
-1.353633831884171190e+00
-1.433133099223777407e+00
-1.513121217178955646e+00
-1.443033005814999825e+00
-1.463436705517218606e+00
-1.440666457489445884e+00
-1.453748093490411675e+00
-1.464623216935217576e+00
-1.517635768970740040e+00
-1.456415953988187795e+00
-1.455160269571178944e+00
-1.435620227357491174e+00
-1.452397017418105563e+00
-1.432766265606244982e+00
-1.422150353976385340e+00
-1.456325842845138885e+00
-1.532936728281253158e+00
-1.457457577674526661e+00
-1.381247042327240715e+00
-1.425433147609858064e+00
-1.424191748748386388e+00
-1.427525217980269767e+00
-1.431156298839466601e+00
