5.0024316
4.893075
4.9348636
4.9391605
5.0240276
4.9974976
5.000853
5.0458908
4.9874974
4.9471231
4.9876773
5.0489828
4.9684433
4.9794114
5.0575802
4.9856307
5.0339178
5.0773217
4.995947
5.0004817
4.9677167
5.0097371
5.0432327
4.9496109
5.0463308
4.9555236
4.9759203
5.0162303
5.0030428
4.9830265
4.9958483
5.0330572
4.9791374
5.0012134
5.0270167
5.0610427
4.9844387
4.9981069
5.0154474
5.0568993
5.0047866
4.9738497
4.9928813
5.0322167
5.0103905
4.9741768
5.0342625
5.042294
4.9791584
4.9433905
5.012818
5.022389
4.9551883
5.0321747
5.0432454
4.9694025
4.98696
5.0352292
5.0139775
4.96941
5.0058836
5.0194173
4.9371712
4.9445041
4.9740712
5.0563082
5.0245049
5.0116771
5.0384057
5.0319375
4.9876408
4.9659541
4.98664
5.0025271
5.0277755
5.0296877
4.9727314
4.9353593
5.0295254
4.9835728
4.9614038
5.0302088
5.0918477
4.9448185
5.0216779
5.0282028
5.0344937
4.9909941
4.9672725
5.0309542
5.0168711
5.0033047
5.0077048
4.9280302
4.9872487
5.0188263
5.060357
4.9649671
4.9675277
4.9917124
5.037451
1.012279
0.99521285
0.99552549
1.005938
1.0057439
1.0054964
1.0102901
1.0067014
0.99332672
0.99447552
0.99693626
1.0046252
0.99992235
0.9826852
0.9816541
0.9909325
1.0036781
0.99208105
0.99855707
0.99281603
0.99184017
1.0008298
0.99392349
1.0108928
1.0054613
1.0034655
1.0095651
0.99725614
1.0074539
1.0091028
0.99306868
0.9844256
0.99787309
0.99138403
1.0053166
0.99843514
1.0016727
1.0125351
0.99156252
0.99844005
1.0089698
0.99551147
0.99693476
0.99340959
1.0028553
1.0037288
1.0007756
0.99787651
1.0103904
0.99594828
0.98784941
1.0009877
0.99837903
1.0054194
0.99881244
0.99587332
1.0013111
1.00308
0.9981785
0.9957864
0.99464549
0.9957385
1.012648
0.99096176
0.99017348
0.99181934
0.99481978
1.0119827
1.0035948
1.0042652
0.99523715
1.0180555
1.0024544
0.99821461
1.0008746
0.99996185
0.99620747
1.0001358
0.9976125
0.99783619
1.0001059
1.0037081
0.98990749
1.0011246
1.0000811
1.0005394
0.99460225
1.0109486
1.013302
0.99690895
1.004496
0.98676378
1.0149304
1.0182777
1.011417
0.98743544
0.98013728
1.0056403
1.0026806
1.0052793
